t,x,y
0,500,632
5,501,632
5,502,632
9,503,632
12,504,632
12,506,632
13,507,632
16,509,632
18,510,633
18,512,633
19,514,633
21,515,633
22,516,633
23,516,635
24,518,635
25,520,635
27,522,637
27,524,637
29,525,637
29,527,637
30,529,639
31,531,639
32,532,639
33,534,639
34,538,641
35,540,641
36,541,641
37,543,641
38,547,641
39,549,643
40,553,643
41,553,644
42,557,644
43,561,646
44,563,646
45,567,646
46,569,646
47,570,646
48,574,648
49,576,648
50,580,650
51,582,650
52,586,650
53,590,652
55,594,652
55,596,652
57,600,652
58,602,654
58,606,654
59,610,654
61,612,656
61,616,656
62,620,658
64,622,658
64,625,658
66,629,658
67,631,660
67,635,660
68,639,662
69,643,662
70,647,664
71,651,664
72,653,664
73,659,666
74,661,666
75,665,666
77,669,668
78,671,668
79,675,670
79,681,670
80,683,672
82,687,672
82,691,672
83,695,674
84,697,674
85,703,674
86,705,676
87,709,676
88,713,678
89,715,678
90,718,678
91,722,680
92,724,680
94,728,680
95,732,682
96,734,682
96,736,684
97,740,684
98,742,686
99,744,686
100,748,686
101,750,686
102,754,686
103,756,688
104,760,688
105,762,688
106,766,690
107,767,690
108,769,690
109,771,690
110,775,692
112,779,692
112,781,694
113,783,694
114,784,694
115,786,694
117,788,694
117,789,694
118,791,696
119,793,696
120,795,698
121,797,698
122,798,698
123,800,698
124,804,698
125,804,700
126,808,700
127,810,700
128,811,700
129,813,700
130,813,701
132,815,701
133,816,701
134,818,701
134,822,701
136,824,701
137,825,703
138,827,703
139,829,703
140,830,703
141,832,703
142,834,705
143,836,705
145,838,705
145,839,705
146,841,705
147,842,705
148,844,707
149,846,707
151,848,707
151,850,707
152,851,707
153,853,707
154,855,707
155,856,707
156,858,707
157,859,707
159,861,707
160,863,707
161,864,707
162,866,709
162,868,709
163,870,709
164,872,709
165,875,709
167,877,709
168,879,709
169,881,709
169,885,709
170,889,709
171,890,709
172,892,709
173,894,709
174,898,709
175,900,709
177,904,709
178,905,709
179,907,709
179,911,709
180,915,709
181,917,709
182,919,709
184,923,709
185,927,709
185,931,709
186,932,709
187,936,709
188,940,709
189,942,709
190,946,709
191,952,707
192,956,707
194,958,707
195,962,707
196,964,707
197,968,707
198,976,707
199,980,707
200,982,707
201,986,707
202,992,707
202,996,707
203,1000,707
205,1004,707
206,1006,707
207,1011,707
208,1017,707
208,1019,707
210,1027,707
211,1031,705
212,1035,705
212,1041,705
214,1045,705
215,1049,705
216,1055,705
217,1059,705
218,1065,705
219,1071,705
220,1073,705
221,1079,705
222,1085,705
223,1089,703
224,1093,703
225,1097,703
226,1101,703
227,1109,703
228,1113,703
228,1117,703
229,1121,703
231,1123,703
232,1127,703
232,1135,703
234,1137,703
235,1141,701
236,1145,701
236,1151,701
237,1153,701
238,1156,701
239,1160,701
240,1164,699
241,1170,699
243,1172,699
244,1178,699
244,1180,699
246,1184,699
247,1186,699
247,1192,699
248,1194,699
249,1200,699
251,1202,697
251,1203,697
252,1205,697
253,1211,697
254,1213,697
255,1217,697
256,1219,697
257,1223,697
258,1225,697
259,1226,697
260,1230,697
261,1234,697
262,1236,697
263,1238,697
264,1239,697
265,1243,697
266,1245,697
267,1247,697
268,1251,697
269,1253,697
270,1254,697
271,1256,697
272,1258,697
273,1259,697
274,1261,697
275,1263,697
276,1264,697
278,1266,697
279,1267,697
280,1269,697
281,1270,697
283,1272,697
285,1273,697
285,1275,697
288,1276,697
288,1278,697
290,1279,697
292,1280,697
294,1281,697
295,1283,697
297,1284,697
299,1284,698
299,1286,698
301,1287,698
301,1289,698
303,1290,698
304,1292,698
306,1293,698
307,1294,698
310,1296,698
312,1297,698
313,1298,698
314,1300,698
315,1300,700
316,1302,700
316,1303,700
317,1305,700
318,1307,700
320,1308,700
321,1310,700
322,1312,700
322,1313,700
325,1315,700
325,1316,700
327,1318,700
327,1319,700
328,1321,700
330,1323,700
330,1324,700
332,1326,700
332,1328,700
334,1329,700
334,1331,700
335,1333,700
336,1334,700
337,1336,700
338,1340,700
339,1342,700
340,1346,700
341,1348,700
342,1349,700
344,1351,700
344,1355,700
345,1357,700
346,1361,700
348,1363,700
349,1366,700
349,1368,700
350,1372,700
351,1374,700
352,1378,700
353,1382,700
354,1384,700
356,1388,700
356,1390,700
357,1396,700
359,1398,700
359,1402,700
361,1406,700
361,1410,700
362,1411,700
363,1417,700
364,1419,700
365,1423,700
367,1427,698
367,1431,698
368,1435,698
369,1439,698
370,1443,698
371,1445,698
372,1447,698
373,1453,698
374,1457,698
376,1458,698
377,1462,698
377,1466,698
378,1470,698
379,1472,698
380,1476,698
381,1480,698
382,1482,698
384,1486,698
385,1488,698
385,1492,698
386,1494,698
388,1498,698
388,1500,698
389,1501,698
390,1503,698
391,1507,698
392,1509,698
394,1510,698
394,1514,698
395,1516,698
397,1518,698
397,1520,698
398,1521,698
399,1523,698
401,1525,698
401,1526,698
403,1528,698
403,1530,698
404,1531,698
405,1533,698
409,1534,698
409,1535,698
411,1537,698
415,1538,698
421,1539,698
461,1540,698
483,1540,698
486,1541,699
491,1542,699
493,1543,699
496,1544,699
496,1546,699
501,1547,699
503,1547,700
504,1548,700
506,1550,700
508,1551,700
513,1553,700
513,1553,701
514,1554,701
515,1556,701
517,1557,701
519,1559,701
520,1559,702
521,1560,702
522,1562,702
527,1563,703
531,1564,703
532,1566,703
535,1566,705
535,1567,705
541,1568,705
544,1568,706
544,1570,707
545,1572,707
550,1573,707
551,1573,709
557,1574,709
560,1575,709
561,1575,710
567,1575,711
569,1576,711
577,1576,712
579,1577,712
584,1577,713
589,1578,713
596,1579,713
608,1580,713
674,1580,713